Camera Matrix:
 [[1.46425299e+03 0.00000000e+00 5.40797911e+02]
 [0.00000000e+00 1.45896397e+03 9.46673188e+02]
 [0.00000000e+00 0.00000000e+00 1.00000000e+00]]
Distortion Coefficients:
 [[ 0.24908392 -0.99844089 -0.00290131  0.00389668  1.07896648]]
rotation vectors:
 (array([[-0.17035736],
       [-0.14877576],
       [ 1.56844176]]), 
array([[-0.30770947],
       [ 0.54193835],
       [ 1.47575726]]), 
array([[-0.21572305],
       [-0.20739075],
       [ 1.57470522]]), 
array([[-0.38032317],
       [-0.40386932],
       [ 1.50706571]]), 
array([[-0.80507351],
       [-0.83994277],
       [ 1.40030882]]), 
array([[-0.13373346],
       [-1.07574383],
       [ 1.18612379]]), 
array([[0.13852415],
       [0.56312333],
       [1.27195696]]), 
array([[ 0.13973098],
       [ 0.54111239],
       [-1.53559117]]))
translation vectors:
 (array([[ 0.02919622],
       [-0.03492051],
       [ 0.11841739]]), 
array([[ 0.02524057],
       [-0.04049512],
       [ 0.13502091]]), 
array([[ 0.03973765],
       [-0.03923605],
       [ 0.12059362]]), 
array([[ 0.0237726 ],
       [-0.04373607],
       [ 0.11069249]]), 
array([[ 0.01175867],
       [-0.03904776],
       [ 0.13218275]]), 
array([[ 0.02649438],
       [-0.03292451],
       [ 0.08420739]]), 
array([[ 0.00638224],
       [-0.043123  ],
       [ 0.11565391]]), 
array([[-0.0211987 ],
       [ 0.04602685],
       [ 0.15369757]]))
