[[[ 910.6074   506.23495]]

 [[ 909.662    633.5805 ]]

 [[ 908.33856  759.68524]]

 [[ 907.06494  884.4089 ]]

 [[ 907.4531  1010.21826]]

 [[ 908.43304 1134.8322 ]]

 [[ 909.6438  1261.6094 ]]

 [[ 912.86694 1390.3937 ]]

 [[ 790.8572   498.7499 ]]

 [[ 789.36926  628.6202 ]]

 [[ 788.0763   756.70844]]

 [[ 787.51666  883.0988 ]]

 [[ 787.05804 1010.5395 ]]

 [[ 787.6761  1137.2369 ]]

 [[ 788.0098  1265.4478 ]]

 [[ 789.5809  1395.5916 ]]

 [[ 667.36536  490.91852]]

 [[ 665.54126  623.5259 ]]

 [[ 664.99634  753.45166]]

 [[ 664.6011   881.5506 ]]

 [[ 664.09454 1010.8893 ]]

 [[ 664.3899  1139.4854 ]]

 [[ 664.42175 1270.2867 ]]

 [[ 664.6014  1401.87   ]]

 [[ 539.6357   482.6978 ]]

 [[ 538.55347  617.37885]]

 [[ 538.44464  749.66614]]

 [[ 538.1158   880.0906 ]]

 [[ 537.62384 1011.5201 ]]

 [[ 537.4831  1142.354  ]]

 [[ 537.2044  1275.4913 ]]

 [[ 536.72736 1409.7539 ]]

 [[ 406.57352  474.48032]]

 [[ 406.28195  610.6647 ]]

 [[ 406.47556  745.0626 ]]

 [[ 406.53067  877.9432 ]]

 [[ 406.19812 1012.29224]]

 [[ 405.4019  1145.5118 ]]

 [[ 404.36465 1281.2555 ]]

 [[ 403.32715 1418.0853 ]]

 [[ 269.5183   463.91956]]

 [[ 269.20047  601.64124]]

 [[ 269.47644  739.601  ]]

 [[ 269.43295  875.4281 ]]

 [[ 268.79953 1012.68567]]

 [[ 267.79572 1149.3889 ]]

 [[ 266.4794  1288.1621 ]]

 [[ 264.749   1426.8134 ]]]