[[[ 675.2947   506.58752]]

 [[ 673.75494  622.6086 ]]

 [[ 671.11487  736.46344]]

 [[ 668.7529   847.6572 ]]

 [[ 668.6658   958.7475 ]]

 [[ 668.8199  1067.66   ]]

 [[ 669.582   1177.1445 ]]

 [[ 674.11755 1287.2009 ]]

 [[ 625.8275   477.45032]]

 [[ 623.35724  601.95844]]

 [[ 621.4051   723.7431 ]]

 [[ 620.78577  842.7636 ]]

 [[ 618.86285  961.61957]]

 [[ 619.2006  1078.168  ]]

 [[ 617.7159  1194.9583 ]]

 [[ 619.8296  1312.4292 ]]

 [[ 568.8214   443.77518]]

 [[ 564.7199   577.7558 ]]

 [[ 564.1297   709.0605 ]]

 [[ 564.17426  837.2125 ]]

 [[ 562.4727   964.9701 ]]

 [[ 562.4068  1090.2118 ]]

 [[ 561.51215 1216.2032 ]]

 [[ 561.4416  1341.8167 ]]

 [[ 501.56287  404.63422]]

 [[ 498.35077  549.6352 ]]

 [[ 497.45605  691.7282 ]]

 [[ 497.35825  830.61383]]

 [[ 496.79565  968.70337]]

 [[ 497.24762 1104.1493 ]]

 [[ 496.59808 1240.4818 ]]

 [[ 497.3079  1376.6473 ]]

 [[ 419.67554  358.57544]]

 [[ 417.57022  516.1815 ]]

 [[ 419.2665   671.00726]]

 [[ 420.60968  822.52423]]

 [[ 421.49603  973.32886]]

 [[ 419.97562 1120.6505 ]]

 [[ 419.54584 1269.4143 ]]

 [[ 420.37912 1417.4955 ]]

 [[ 327.38785  302.6615 ]]

 [[ 328.02637  475.2301 ]]

 [[ 326.33044  646.0917 ]]

 [[ 328.47415  812.58813]]

 [[ 331.14203  978.422  ]]

 [[ 331.3372  1140.5743 ]]

 [[ 330.59854 1304.1437 ]]

 [[ 328.98984 1465.9164 ]]]