[[[1006.       371.     ]]

 [[ 978.584    532.3578 ]]

 [[ 943.12177  682.9708 ]]

 [[ 912.6322   813.3137 ]]

 [[ 886.9048   932.74   ]]

 [[ 866.365   1034.45   ]]

 [[ 846.0093  1131.6909 ]]

 [[ 834.4433  1216.051  ]]

 [[ 922.35535  396.56363]]

 [[ 885.9217   580.3737 ]]

 [[ 855.5867   736.99457]]

 [[ 830.651    873.07324]]

 [[ 807.37714  991.93646]]

 [[ 789.3745  1097.7778 ]]

 [[ 771.9038  1191.5253 ]]

 [[ 759.7661  1277.6613 ]]

 [[ 811.92114  442.74097]]

 [[ 779.40393  634.8874 ]]

 [[ 756.12427  798.5077 ]]

 [[ 737.1348   938.2323 ]]

 [[ 718.8964  1060.1506 ]]

 [[ 704.8703  1166.9935 ]]

 [[ 692.56213 1261.8118 ]]

 [[ 680.53766 1349.4662 ]]

 [[ 681.4277   495.96313]]

 [[ 658.7573   698.8604 ]]

 [[ 642.87695  867.881  ]]

 [[ 630.4163  1011.34894]]

 [[ 619.66455 1136.5208 ]]

 [[ 611.39185 1245.526  ]]

 [[ 603.1444  1343.3054 ]]

 [[ 597.90894 1428.9193 ]]

 [[ 522.8394   558.3751 ]]

 [[ 515.3104   772.316  ]]

 [[ 512.8254   948.92694]]

 [[ 510.81448 1097.3474 ]]

 [[ 508.4997  1226.3145 ]]

 [[ 504.79562 1335.6716 ]]

 [[ 503.1331  1433.0157 ]]

 [[ 501.91165 1520.8871 ]]

 [[ 339.17355  635.79175]]

 [[ 353.21207  863.22614]]

 [[ 361.08603 1044.0876 ]]

 [[ 370.8655  1197.0515 ]]

 [[ 380.0425  1329.5386 ]]

 [[ 386.58835 1440.4796 ]]

 [[ 391.97147 1537.695  ]]

 [[ 395.85095 1621.096  ]]]