[[[ 336.70523 1389.6619 ]]

 [[ 325.8444  1310.958  ]]

 [[ 314.75305 1227.9568 ]]

 [[ 303.30646 1141.4039 ]]

 [[ 289.8379  1050.1633 ]]

 [[ 275.4361   954.38104]]

 [[ 259.6262   851.71857]]

 [[ 240.60242  742.913  ]]

 [[ 427.8823  1402.3716 ]]

 [[ 419.67822 1321.8407 ]]

 [[ 410.9591  1237.9637 ]]

 [[ 401.4864  1150.9093 ]]

 [[ 391.48813 1057.2772 ]]

 [[ 380.18024  959.97253]]

 [[ 368.486    854.6451 ]]

 [[ 354.52496  743.0774 ]]

 [[ 522.38885 1415.6674 ]]

 [[ 516.874   1333.1012 ]]

 [[ 510.3173  1248.5151 ]]

 [[ 503.2888  1160.2446 ]]

 [[ 496.2005  1064.9835 ]]

 [[ 488.1406   965.7407 ]]

 [[ 479.7343   858.7206 ]]

 [[ 470.52264  744.43616]]

 [[ 620.02966 1429.2765 ]]

 [[ 616.9408  1345.9014 ]]

 [[ 612.9697  1259.6143 ]]

 [[ 608.8743  1169.5658 ]]

 [[ 604.59705 1073.1849 ]]

 [[ 599.8661   972.365  ]]

 [[ 595.34863  863.3772 ]]

 [[ 590.254    746.6835 ]]

 [[ 722.25854 1442.4666 ]]

 [[ 721.6931  1358.7496 ]]

 [[ 720.57874 1272.4053 ]]

 [[ 719.4605  1181.2117 ]]

 [[ 718.4704  1083.2759 ]]

 [[ 717.582    979.35394]]

 [[ 717.14545  867.80664]]

 [[ 716.6536   748.5668 ]]

 [[ 827.3044  1458.8368 ]]

 [[ 829.8665  1375.8495 ]]

 [[ 832.4257  1285.8005 ]]

 [[ 834.7624  1193.2454 ]]

 [[ 837.5489  1093.795  ]]

 [[ 840.6283   988.2085 ]]

 [[ 844.5392   873.65924]]

 [[ 849.56006  750.4888 ]]]