[[[ 622.4436   392.40607]]

 [[ 647.7711   499.5628 ]]

 [[ 675.1726   613.8727 ]]

 [[ 704.1134   733.4074 ]]

 [[ 735.7575   861.7775 ]]

 [[ 769.2458   995.8654 ]]

 [[ 804.4761  1139.9208 ]]

 [[ 843.2588  1295.843  ]]

 [[ 512.6559   449.71637]]

 [[ 535.48627  555.7992 ]]

 [[ 559.0053   667.451  ]]

 [[ 582.7972   783.18365]]

 [[ 609.4557   906.97144]]

 [[ 637.6935  1037.2145 ]]

 [[ 668.3969  1176.6306 ]]

 [[ 699.6479  1327.5289 ]]

 [[ 409.80478  503.30045]]

 [[ 429.5726   607.1659 ]]

 [[ 449.60895  715.834  ]]

 [[ 470.90918  828.8858 ]]

 [[ 492.95963  949.30884]]

 [[ 516.1272  1075.2267 ]]

 [[ 540.46814 1210.5645 ]]

 [[ 565.3948  1357.1667 ]]

 [[ 314.9404   553.3889 ]]

 [[ 331.34674  654.4069 ]]

 [[ 348.222    760.42834]]

 [[ 366.09256  870.61426]]

 [[ 383.7217   987.627  ]]

 [[ 403.16412 1110.6688 ]]

 [[ 423.33078 1242.4822 ]]

 [[ 442.61414 1384.8118 ]]

 [[ 223.40657  598.7133 ]]

 [[ 238.60968  698.68274]]

 [[ 252.24495  801.8045 ]]

 [[ 267.51907  909.6851 ]]

 [[ 281.7154  1024.2306 ]]

 [[ 297.41223 1144.205  ]]

 [[ 312.75204 1272.6946 ]]

 [[ 328.97958 1410.8391 ]]

 [[ 134.27441  640.3157 ]]

 [[ 149.10077  739.07074]]

 [[ 161.44983  841.0095 ]]

 [[ 173.85902  946.5188 ]]

 [[ 186.6405  1058.8344 ]]

 [[ 197.94073 1175.936  ]]

 [[ 209.64824 1300.9109 ]]

 [[ 223.31917 1435.3013 ]]]