[[[1036.5818   459.89523]]

 [[1034.58     583.9022 ]]

 [[1032.4131   708.50586]]

 [[1030.4197   831.576  ]]

 [[1027.5364   955.9917 ]]

 [[1025.4242  1078.6442 ]]

 [[1025.8733  1202.7213 ]]

 [[1024.397   1326.9905 ]]

 [[ 924.2628   447.9865 ]]

 [[ 920.7986   575.3885 ]]

 [[ 918.45886  702.32855]]

 [[ 916.9934   827.5401 ]]

 [[ 914.55     954.2185 ]]

 [[ 912.55365 1079.3884 ]]

 [[ 911.0226  1205.3027 ]]

 [[ 910.8571  1332.5933 ]]

 [[ 806.6575   435.46777]]

 [[ 803.58624  565.60455]]

 [[ 801.25543  695.54236]]

 [[ 798.5201   823.58936]]

 [[ 796.5428   952.5193 ]]

 [[ 794.7486  1079.7952 ]]

 [[ 794.4192  1208.6716 ]]

 [[ 794.51935 1339.6116 ]]

 [[ 684.49994  422.59067]]

 [[ 682.1534   555.6976 ]]

 [[ 679.7506   688.5133 ]]

 [[ 677.5167   819.5298 ]]

 [[ 675.82434  950.7396 ]]

 [[ 674.07275 1080.7247 ]]

 [[ 672.6003  1212.2875 ]]

 [[ 672.67377 1346.7018 ]]

 [[ 557.8611   407.7212 ]]

 [[ 554.9924   545.1994 ]]

 [[ 553.4343   680.7911 ]]

 [[ 551.35     814.6913 ]]

 [[ 549.7429   949.2729 ]]

 [[ 547.64874 1082.0105 ]]

 [[ 546.3096  1216.7362 ]]

 [[ 544.67053 1354.3292 ]]

 [[ 425.5528   390.3725 ]]

 [[ 422.39627  532.4673 ]]

 [[ 420.38083  672.25354]]

 [[ 418.67123  809.5537 ]]

 [[ 416.67938  947.45764]]

 [[ 415.07538 1083.5266 ]]

 [[ 413.16882 1221.8063 ]]

 [[ 410.58743 1362.7596 ]]]