[[[ 819.64435  500.1993 ]]

 [[ 831.04974  579.53143]]

 [[ 843.5558   666.6151 ]]

 [[ 857.4282   760.18005]]

 [[ 872.4736   864.3348 ]]

 [[ 889.16254  976.2226 ]]

 [[ 908.55597 1098.35   ]]

 [[ 929.375   1235.6143 ]]

 [[ 708.8765   514.8957 ]]

 [[ 715.83563  595.82983]]

 [[ 723.423    682.5409 ]]

 [[ 731.68585  774.51324]]

 [[ 740.8806   876.90436]]

 [[ 751.3385   987.5864 ]]

 [[ 763.27313 1109.831  ]]

 [[ 776.47015 1244.9159 ]]

 [[ 600.23047  529.3294 ]]

 [[ 603.0426   609.7992 ]]

 [[ 606.24915  696.17163]]

 [[ 609.58716  788.62714]]

 [[ 613.5043   889.50525]]

 [[ 617.5899   998.49554]]

 [[ 622.5414  1118.564  ]]

 [[ 627.57214 1252.0813 ]]

 [[ 494.5702   543.58563]]

 [[ 493.60077  623.42896]]

 [[ 492.46768  708.92474]]

 [[ 491.49057  800.597  ]]

 [[ 489.78256  900.26624]]

 [[ 488.47665 1008.6143 ]]

 [[ 486.79956 1128.2672 ]]

 [[ 484.15338 1260.4924 ]]

 [[ 390.3694   555.1436 ]]

 [[ 386.234    636.2312 ]]

 [[ 380.68567  720.63837]]

 [[ 375.53973  812.33386]]

 [[ 368.89432  911.34204]]

 [[ 361.88333 1019.1097 ]]

 [[ 353.59048 1137.4565 ]]

 [[ 343.64783 1269.8661 ]]

 [[ 286.57907  563.8079 ]]

 [[ 279.50357  646.3644 ]]

 [[ 270.4666   732.11786]]

 [[ 261.00827  823.2963 ]]

 [[ 250.12035  923.2635 ]]

 [[ 237.20131 1029.488  ]]

 [[ 222.44649 1147.0912 ]]

 [[ 206.29755 1279.2764 ]]]