[[[ 863.8098   356.34677]]

 [[ 866.1809   492.45187]]

 [[ 867.6804   628.58997]]

 [[ 869.32916  762.4171 ]]

 [[ 869.729    896.60986]]

 [[ 871.2353  1028.2671 ]]

 [[ 876.2182  1160.7118 ]]

 [[ 878.47095 1292.9503 ]]

 [[ 754.1555   334.5474 ]]

 [[ 755.1493   477.7128 ]]

 [[ 756.87866  619.7529 ]]

 [[ 759.7746   759.0639 ]]

 [[ 761.29504  898.65533]]

 [[ 763.3048  1035.6562 ]]

 [[ 765.70636 1172.9392 ]]

 [[ 770.42725 1311.746  ]]

 [[ 633.8952   310.61713]]

 [[ 635.69794  460.55478]]

 [[ 638.32806  609.4585 ]]

 [[ 640.3937   755.5344 ]]

 [[ 643.2694   901.1034 ]]

 [[ 645.864   1043.882  ]]

 [[ 649.9406  1187.7468 ]]

 [[ 655.2944  1333.5718 ]]

 [[ 502.31906  284.67603]]

 [[ 505.49295  441.9004 ]]

 [[ 509.1824   597.96936]]

 [[ 512.50323  751.2336 ]]

 [[ 516.5763   903.5634 ]]

 [[ 519.5808  1053.3425 ]]

 [[ 522.8655  1203.8236 ]]

 [[ 528.45013 1357.5045 ]]

 [[ 358.86115  254.25838]]

 [[ 361.7603   421.04395]]

 [[ 366.72702  584.5484 ]]

 [[ 370.99683  745.80756]]

 [[ 376.20233  906.4505 ]]

 [[ 379.49933 1063.8209 ]]

 [[ 383.4511  1222.7992 ]]

 [[ 387.3495  1384.1613 ]]

 [[ 200.7732   218.28021]]

 [[ 203.268    395.74503]]

 [[ 207.61525  569.39575]]

 [[ 212.87267  739.4472 ]]

 [[ 217.68718  909.4268 ]]

 [[ 222.63995 1076.0974 ]]

 [[ 227.11479 1244.2073 ]]

 [[ 230.78261 1414.0509 ]]]